0       824.80	0.20	(20)
20      824.48	0.23	(20)
40      823.96	0.27	(20)
60      823.45	0.19	(20)
80      822.77	0.27	(20)
100     821.80	0.29	(20)
120     820.27	0.23	(20)
140     818.51	0.23	(20)
160     815.87	0.22	(20)
180     813.00	0.27	(20)	
200     809.35	0.27	(20)
220     804.71	0.25	(20)
240     799.37	0.26	(20)
260     792.84	0.25	(20)
280     785.04	0.24    (20) 
300	775.56	0.19	(20)
320	766.05	0.15    (20)
340	756.43	0.19	(20)
360     745.17	0.33	(21)
380     733.08	0.27	(20)
400     718.49	0.40	(20)	
420     703.96	0.26	(20)
440     689.70	0.21	(20)
460     673.68	0.22	(20)
480     657.93	0.28	(20)